-20121128132958
-20121128145109
-20121128145113
-20121128145116
-20121128145138
-20121128145149
-20121128145152
-20121128145249
-20121128145300
-20121128145717
-20121128145916
-20121207085446
-20121207085511
-20121207085859
-20121207085912
-20121207085915
-20121207090039
-20121207090042
-20121207090136
-20121207092003
-20121207092008
-20121207092016
-20121207092307
-20121207094812
-20121207094823
-20121207095019
-20121207095032
-20121207095037
-20121207095039
-20121207095241
-20121207095806
-20121207100449
-20121207100458
-20121207100504
-20121207100542
-20121207100548
-20121207100556
-20121207100559
-20121207100640
-20121207100645
-20121207100806
-20121207101612
-20121207102018
-20121207111055
-20121207111103
-20121207111329
-20121207111454
-20121207111519
-20121207112615
-20121207113309
-20121207113424
-20121207113611
-20121207113616
-20121207113620
-20121207113635
-20121207114437
-20121207114833
-20121207114837
-20121207114904
-20121207115027
-20121207115038
-20121207115344
-20121207115349
-20121207115835
-20121207115947
-20121207120036
-20121207120044
-20121207120344
-20121207120419
-20121207120431
-20121207120439
-20121207120504
-20121207120514
-20121207120527
-20121207120628
-20121207120643
-20121207120656
-20121207120703
-20121207120917
-20121207120925
-20121207120936
-20121207120946
-20121207120953
-20121207121347
-20121207121644
-20121207121647
-20121207121650
-20121207121707
-20121207121722
-20121207121821
-20121207121917
-20121207121920
-20121207122037
-20121207122040
-20121207122047
-20121207122239
-20121207122249
-20121207122253
-20121207130536
